[{[[1, 3, 4, 2], 17], [[2, 1, 3, 4], 18], [[1, 4, 2, 3], 15],
  [[2, 1, 4, 3], 16], [[1, 2, 3, 4], 23], [[1, 2, 4, 3], 24],
  [[1, 3, 2, 4], 22], [[3, 1, 2, 4], 20], [[2, 3, 1, 4], 21],
  [[1, 4, 3, 2], 19], [[4, 3, 1, 2], 1], [[4, 3, 2, 1], 2],
  [[4, 2, 3, 1], 3], [[3, 4, 2, 1], 4], [[4, 1, 3, 2], 8],
  [[4, 1, 2, 3], 7], [[4, 2, 1, 3], 5], [[3, 4, 1, 2], 6],
  [[2, 4, 3, 1], 9], [[3, 2, 4, 1], 10], [[2, 4, 1, 3], 11],
  [[3, 2, 1, 4], 12], [[2, 3, 4, 1], 13], [[3, 1, 4, 2], 14]},
 {[[18, 15], 11], [[17, 17], 15], [[16, 19], 13], [[23, 5], 5],
  [[21, 9], 6], [[20, 11], 19], [[19, 13], 2], [[15, 21], 5],
  [[22, 7], 8], [[14, 23], 14], [[24, 3], 10], [[17, 16], 20],
  [[16, 18], 24], [[18, 14], 10], [[20, 10], 16], [[21, 8], 5],
  [[24, 2], 4], [[19, 12], 6], [[14, 22], 6], [[22, 6], 11], [[23, 4], 4],
  [[15, 20], 16], [[13, 24], 21], [[17, 15], 23], [[16, 17], 9],
  [[18, 13], 17], [[15, 19], 22], [[14, 21], 19], [[20, 9], 15],
  [[21, 7], 3], [[19, 11], 5], [[24, 1], 6], [[22, 5], 1], [[23, 3], 3],
  [[13, 23], 13], [[15, 23], 15], [[18, 17], 13], [[17, 19], 24],
  [[23, 7], 7], [[16, 21], 15], [[19, 15], 24], [[22, 9], 4],
  [[21, 11], 4], [[20, 13], 24], [[24, 5], 12], [[18, 18], 23],
  [[16, 22], 11], [[15, 24], 19], [[23, 8], 8], [[17, 20], 8],
  [[19, 16], 7], [[21, 12], 22], [[20, 14], 13], [[24, 6], 1],
  [[22, 10], 13], [[18, 16], 24], [[17, 18], 14], [[15, 22], 24],
  [[23, 6], 6], [[16, 20], 5], [[21, 10], 17], [[20, 12], 18],
  [[19, 14], 20], [[14, 24], 20], [[22, 8], 7], [[24, 4], 2],
  [[23, 11], 11], [[17, 23], 17], [[22, 13], 10], [[18, 21], 22],
  [[24, 9], 13], [[20, 17], 10], [[19, 19], 23], [[21, 15], 9],
  [[17, 22], 19], [[16, 24], 18], [[23, 10], 10], [[22, 12], 21],
  [[18, 20], 12], [[19, 18], 8], [[21, 14], 24], [[20, 16], 17],
  [[24, 8], 14], [[16, 23], 16], [[18, 19], 9], [[23, 9], 9],
  [[22, 11], 6], [[17, 21], 6], [[19, 17], 22], [[24, 7], 20],
  [[21, 13], 14], [[20, 15], 6], [[23, 14], 14], [[18, 24], 16],
  [[22, 16], 14], [[24, 12], 5], [[19, 22], 17], [[20, 20], 21],
  [[21, 18], 12], [[23, 13], 13], [[22, 15], 19], [[18, 23], 18],
  [[24, 11], 21], [[20, 19], 4], [[19, 21], 1], [[21, 17], 16],
  [[23, 12], 12], [[17, 24], 22], [[18, 22], 21], [[22, 14], 16],
  [[24, 10], 3], [[21, 16], 10], [[20, 18], 22], [[19, 20], 14],
  [[22, 17], 24], [[23, 15], 15], [[19, 23], 19], [[24, 13], 9],
  [[20, 21], 23], [[21, 19], 11], [[22, 18], 20], [[23, 16], 16],
  [[19, 24], 15], [[24, 14], 8], [[21, 20], 23], [[20, 22], 12],
  [[24, 16], 18], [[23, 18], 18], [[22, 20], 18], [[20, 24], 14],
  [[21, 22], 18], [[22, 19], 15], [[24, 15], 22], [[23, 17], 17],
  [[21, 21], 20], [[20, 23], 20], [[24, 21], 11], [[23, 23], 23],
  [[24, 20], 7], [[22, 24], 17], [[23, 22], 22], [[23, 21], 21],
  [[24, 19], 17], [[22, 23], 22], [[22, 22], 23], [[23, 20], 20],
  [[24, 18], 16], [[21, 24], 13], [[24, 17], 19], [[23, 19], 19],
  [[22, 21], 12], [[21, 23], 21], [[23, 24], 24], [[24, 22], 15],
  [[24, 24], 23], [[24, 23], 24], [[4, 21], 3], [[10, 9], 16],
  [[12, 5], 3], [[13, 3], 17], [[5, 19], 1], [[14, 1], 9], [[8, 13], 22],
  [[6, 17], 20], [[3, 23], 3], [[7, 15], 1], [[9, 11], 7], [[11, 7], 10],
  [[8, 12], 14], [[10, 8], 17], [[2, 24], 1], [[4, 20], 13], [[3, 22], 2],
  [[12, 4], 15], [[7, 14], 9], [[13, 2], 19], [[11, 6], 22],
  [[5, 18], 11], [[9, 10], 6], [[6, 16], 2], [[15, 3], 4], [[16, 1], 4],
  [[9, 15], 16], [[6, 21], 8], [[11, 11], 2], [[12, 9], 11], [[5, 23], 5],
  [[14, 5], 18], [[10, 13], 11], [[8, 17], 2], [[13, 7], 23],
  [[7, 19], 2], [[15, 2], 10], [[6, 20], 17], [[7, 18], 15],
  [[11, 10], 19], [[14, 4], 5], [[10, 12], 3], [[12, 8], 1], [[5, 22], 7],
  [[13, 6], 7], [[9, 14], 12], [[4, 24], 6], [[8, 16], 15], [[5, 20], 15],
  [[12, 6], 19], [[10, 10], 5], [[8, 14], 4], [[14, 2], 11],
  [[7, 16], 19], [[3, 24], 5], [[4, 22], 10], [[13, 4], 8], [[11, 8], 12],
  [[6, 18], 1], [[9, 12], 4], [[15, 1], 12], [[6, 19], 12], [[14, 3], 16],
  [[5, 21], 16], [[11, 9], 1], [[7, 17], 3], [[9, 13], 1], [[8, 15], 5],
  [[12, 7], 2], [[10, 11], 18], [[13, 5], 22], [[4, 23], 4],
  [[10, 3], 24], [[5, 13], 18], [[6, 11], 3], [[8, 7], 11], [[2, 19], 7],
  [[1, 21], 14], [[4, 15], 14], [[7, 9], 22], [[9, 5], 15], [[11, 1], 20],
  [[3, 17], 1], [[2, 20], 9], [[7, 10], 18], [[1, 22], 8], [[5, 14], 19],
  [[6, 12], 19], [[10, 4], 7], [[8, 8], 9], [[4, 16], 1], [[3, 18], 9],
  [[11, 2], 14], [[9, 6], 20], [[12, 2], 7], [[10, 6], 8], [[8, 10], 20],
  [[6, 14], 22], [[2, 22], 3], [[3, 20], 4], [[11, 4], 17], [[4, 18], 2],
  [[9, 8], 23], [[7, 12], 16], [[1, 24], 2], [[5, 16], 9], [[3, 19], 8],
  [[8, 9], 23], [[10, 5], 23], [[6, 13], 7], [[2, 21], 10], [[11, 3], 6],
  [[9, 7], 24], [[5, 15], 2], [[4, 17], 12], [[7, 11], 17], [[1, 23], 1],
  [[12, 1], 8], [[3, 21], 13], [[6, 15], 10], [[7, 13], 23], [[12, 3], 5],
  [[13, 1], 15], [[8, 11], 24], [[2, 23], 2], [[10, 7], 22],
  [[4, 19], 20], [[11, 5], 4], [[5, 17], 8], [[9, 9], 8], [[18, 3], 8],
  [[11, 17], 18], [[17, 5], 21], [[12, 15], 4], [[14, 11], 23],
  [[13, 13], 6], [[15, 9], 2], [[16, 7], 12], [[8, 23], 8], [[19, 1], 21],
  [[9, 21], 2], [[10, 19], 14], [[12, 16], 13], [[9, 22], 13],
  [[13, 14], 5], [[16, 8], 10], [[17, 6], 5], [[11, 18], 5], [[18, 4], 6],
  [[15, 10], 9], [[14, 12], 8], [[8, 24], 7], [[19, 2], 13],
  [[10, 20], 2], [[17, 4], 3], [[11, 16], 3], [[16, 6], 2], [[15, 8], 20],
  [[18, 2], 1], [[7, 24], 8], [[13, 12], 2], [[10, 18], 13],
  [[12, 14], 17], [[9, 20], 10], [[14, 10], 7], [[8, 22], 1],
  [[16, 5], 20], [[15, 7], 14], [[18, 1], 2], [[17, 3], 13],
  [[11, 15], 13], [[13, 11], 20], [[7, 23], 7], [[10, 17], 6],
  [[9, 19], 18], [[8, 21], 17], [[12, 13], 16], [[14, 9], 24],
  [[16, 2], 6], [[9, 16], 5], [[15, 4], 13], [[7, 20], 11],
  [[11, 12], 15], [[14, 6], 3], [[10, 14], 1], [[12, 10], 24],
  [[5, 24], 3], [[8, 18], 19], [[13, 8], 24], [[6, 22], 14],
  [[16, 3], 14], [[15, 5], 6], [[17, 1], 11], [[9, 17], 21],
  [[11, 13], 8], [[10, 15], 20], [[12, 11], 9], [[13, 9], 14],
  [[6, 23], 6], [[7, 21], 24], [[8, 19], 3], [[14, 7], 21], [[16, 4], 1],
  [[15, 6], 21], [[17, 2], 9], [[9, 18], 3], [[10, 16], 21], [[8, 20], 6],
  [[11, 14], 23], [[7, 22], 5], [[12, 12], 23], [[13, 10], 1],
  [[6, 24], 4], [[14, 8], 13], [[14, 16], 22], [[10, 24], 12],
  [[19, 6], 12], [[12, 20], 22], [[18, 8], 3], [[11, 22], 16],
  [[13, 18], 10], [[16, 12], 7], [[15, 14], 18], [[17, 10], 2],
  [[20, 4], 11], [[21, 2], 8], [[14, 15], 12], [[10, 23], 10],
  [[19, 5], 11], [[11, 21], 7], [[12, 19], 6], [[18, 7], 5],
  [[13, 17], 11], [[16, 11], 22], [[17, 9], 10], [[15, 13], 3],
  [[21, 1], 7], [[20, 3], 7], [[9, 24], 11], [[12, 18], 21],
  [[10, 22], 4], [[14, 14], 2], [[19, 4], 10], [[11, 20], 24],
  [[16, 10], 8], [[15, 12], 11], [[13, 16], 12], [[17, 8], 16],
  [[18, 6], 4], [[20, 2], 5], [[12, 17], 14], [[13, 15], 18],
  [[11, 19], 21], [[19, 3], 9], [[14, 13], 15], [[17, 7], 18],
  [[9, 23], 9], [[18, 5], 7], [[15, 11], 1], [[16, 9], 17], [[10, 21], 9],
  [[20, 1], 3], [[16, 16], 23], [[15, 18], 7], [[19, 10], 4],
  [[14, 20], 1], [[13, 22], 9], [[12, 24], 10], [[22, 4], 9],
  [[17, 14], 7], [[18, 12], 20], [[23, 2], 2], [[21, 6], 15],
  [[20, 8], 2], [[16, 15], 21], [[15, 17], 23], [[18, 11], 15],
  [[14, 19], 10], [[13, 21], 4], [[22, 3], 2], [[12, 23], 12],
  [[19, 9], 3], [[17, 13], 4], [[23, 1], 1], [[21, 5], 2], [[20, 7], 1],
  [[15, 15], 17], [[19, 7], 16], [[13, 19], 16], [[12, 21], 18],
  [[11, 23], 11], [[22, 1], 5], [[14, 17], 4], [[16, 13], 19],
  [[17, 11], 12], [[18, 9], 19], [[21, 3], 1], [[20, 5], 8],
  [[15, 16], 8], [[22, 2], 3], [[13, 20], 3], [[19, 8], 18],
  [[11, 24], 9], [[12, 22], 20], [[14, 18], 17], [[16, 14], 3],
  [[17, 12], 1], [[18, 10], 14], [[21, 4], 19], [[20, 6], 9],
  [[6, 4], 24], [[5, 6], 17], [[4, 8], 22], [[1, 14], 15], [[7, 2], 12],
  [[3, 10], 12], [[2, 12], 13], [[8, 1], 13], [[6, 5], 9], [[2, 13], 12],
  [[1, 15], 3], [[4, 9], 7], [[3, 11], 16], [[5, 7], 4], [[7, 3], 20],
  [[6, 6], 23], [[2, 14], 11], [[8, 2], 21], [[1, 16], 4], [[7, 4], 21],
  [[3, 12], 10], [[4, 10], 11], [[5, 8], 6], [[9, 1], 22], [[1, 17], 7],
  [[5, 9], 21], [[4, 11], 8], [[7, 5], 14], [[2, 15], 8], [[3, 13], 21],
  [[6, 7], 13], [[8, 3], 18], [[9, 3], 19], [[3, 15], 7], [[4, 13], 5],
  [[2, 17], 5], [[7, 7], 6], [[5, 11], 13], [[1, 19], 5], [[6, 9], 5],
  [[10, 1], 19], [[8, 5], 16], [[5, 12], 24], [[2, 18], 4], [[7, 8], 4],
  [[4, 14], 21], [[6, 10], 15], [[10, 2], 15], [[8, 6], 10],
  [[1, 20], 19], [[9, 4], 14], [[3, 16], 11], [[1, 18], 6], [[9, 2], 17],
  [[4, 12], 9], [[2, 16], 6], [[7, 6], 13], [[5, 10], 23], [[3, 14], 6],
  [[8, 4], 12], [[6, 8], 21], [[2, 1], 24], [[1, 3], 21], [[1, 1], 16],
  [[1, 2], 18], [[1, 6], 24], [[2, 4], 18], [[3, 2], 22], [[3, 1], 17],
  [[1, 5], 13], [[2, 3], 22], [[2, 2], 23], [[1, 4], 23], [[3, 5], 24],
  [[4, 3], 15], [[5, 1], 14], [[2, 7], 19], [[1, 9], 12], [[3, 4], 20],
  [[1, 8], 11], [[4, 2], 24], [[2, 6], 16], [[1, 7], 9], [[3, 3], 23],
  [[4, 1], 23], [[2, 5], 17], [[5, 2], 20], [[3, 6], 14], [[2, 8], 15],
  [[1, 10], 22], [[4, 4], 16], [[2, 9], 20], [[1, 11], 10], [[4, 5], 19],
  [[3, 7], 15], [[6, 1], 18], [[5, 3], 12], [[5, 5], 10], [[6, 3], 11],
  [[2, 11], 14], [[7, 1], 10], [[4, 7], 17], [[1, 13], 20], [[3, 9], 18],
  [[6, 2], 16], [[2, 10], 21], [[1, 12], 17], [[4, 6], 18], [[5, 4], 22],
  [[3, 8], 19]}];
